<?xml version="1.0"?>
<opencv_storage>
<cameraMatrix type_id="opencv-matrix">
  <rows>3</rows>
  <cols>3</cols>
  <dt>d</dt>
  <data>
    6.0436889020518799e+02 0. 6.5567896199835025e+02 0.
    6.0005837469454150e+02 3.7480902416515625e+02 0. 0. 1.</data></cameraMatrix>
<distCoeffs type_id="opencv-matrix">
  <rows>1</rows>
  <cols>5</cols>
  <dt>d</dt>
  <data>
    -5.1263664704426937e-01 2.5830909083813097e-01
    -3.8183477737936049e-03 -4.6336711047787194e-02
    2.0489757668555572e-01</data></distCoeffs>
</opencv_storage>
