<?xml version="1.0"?>
<opencv_storage>
<cameraMatrix type_id="opencv-matrix">
  <rows>3</rows>
  <cols>3</cols>
  <dt>d</dt>
  <data>
    4.5966890897573654e+02 0. 6.1694910919230767e+02 0.
    4.6056447316564794e+02 3.8163703947622355e+02 0. 0. 1.</data></cameraMatrix>
<distCoeffs type_id="opencv-matrix">
  <rows>1</rows>
  <cols>5</cols>
  <dt>d</dt>
  <data>
    -2.5854136892346252e-01 9.2885984015672135e-02
    -2.7792644905003695e-03 1.2390185098132677e-03
    -2.3902723270009391e-02</data></distCoeffs>
</opencv_storage>
