<?xml version="1.0"?>
<opencv_storage>
<cameraMatrix type_id="opencv-matrix">
  <rows>3</rows>
  <cols>3</cols>
  <dt>d</dt>
  <data>
    9.3279656554745929e+02 0. 5.7740654607768624e+02 0.
    9.2927250725954195e+02 2.8477736597847615e+02 0. 0. 1.</data></cameraMatrix>
<distCoeffs type_id="opencv-matrix">
  <rows>1</rows>
  <cols>5</cols>
  <dt>d</dt>
  <data>
    2.8689764106176086e-01 -2.4845518042728698e+00
    -8.0738254532204470e-03 -1.3948101355033557e-02
    7.6712093846508571e+00</data></distCoeffs>
</opencv_storage>
